
- Camera calibration. -
Holy Razafinjoelina & Alexandre Mahé

=============================

Computing results...
Image 1 - Points vectors : 
(101.417 , 684.726 , 1)
(551.575 , 602.882 , 1)
(345.53 , 472.046 , 1)
(93.9559 , 504.899 , 1)
(243.627 , 537.176 , 1)
(325.529 , 530.683 , 1)
(280.209 , 230.547 , 1)
(266.392 , 181.556 , 1)
(290.71 , 182.132 , 1)
(200.07 , 168.299 , 1)
(316.686 , 167.147 , 1)

Image 1 - Camera - Intrinsec parameters : 
998.801 0 299 
0 998.801 400 
0 0 1 

Image 2 - Points vectors : 
(31.721 , 599.144 , 1)
(465.242 , 636.805 , 1)
(458.193 , 466.191 , 1)
(218.523 , 455.349 , 1)
(260.23 , 507.275 , 1)
(334.246 , 514.693 , 1)
(283.139 , 220.256 , 1)
(264.929 , 173.466 , 1)
(292.538 , 174.037 , 1)
(211.473 , 160.342 , 1)
(337.183 , 155.777 , 1)

Image 2 - Camera - Intrinsec parameters : 
998.801 0 299 
0 998.801 400 
0 0 1 

-- Computing inversed transformations --

Vector b : 
(598 , 800 , 998.801 , 11 , 101.417 , 684.726 , 31.721 , 599.144 , 551.575 , 602.882 , 465.242 , 636.805 , 345.53 , 472.046 , 458.193 , 466.191 , 93.9559 , 504.899 , 218.523 , 455.349 , 243.627 , 537.176 , 260.23 , 507.275 , 325.529 , 530.683 , 334.246 , 514.693 , 280.209 , 230.547 , 283.139 , 220.256 , 266.392 , 181.556 , 264.929 , 173.466 , 290.71 , 182.132 , 292.538 , 174.037 , 200.07 , 168.299 , 211.473 , 160.342 , 316.686 , 167.147 , 337.183 , 155.777)
Non-linear system resolution :
20 iterations ... done

Vector a found : 
(0 , 0.0177606 , 0.0753531 , -0.010944 , -0.0150835 , -0.0617065)
Image 1 - Camera - Found anti-transformation parameter : 
0.997005 -0.0752818 0.0177093 
0.07527 0.997162 0.00133698 
-0.0177597 0 0.999842 

Image 1 - Camera - Transformation (rotation) parameter : 
0.997005 0.07527 -0.0177597 
-0.0752818 0.997162 0 
0.0177093 0.00133698 0.999842 

Image 1 - Camera - Actual homography : 
1.74398e-313 75089.6 0 
-1.31685e-314 994773 0 
0 0 0 

Image 1 - Camera - Projection : 
995.81 75.1797 -17.7384 0 
-75.1916 995.967 0 0 
0 0 0 0 

Image 2 - Camera - Found anti-transformation parameter : 
0.999826 0.0142164 -0.012047 
-0.015082 0.997061 -0.0751087 
0.0109438 0.0752773 0.997103 

Image 2 - Camera - Transformation (rotation) parameter : 
0.999826 -0.015082 0.0109438 
0.0142164 0.997061 0.0752773 
-0.012047 -0.0751087 0.997103 

Image 2 - Camera - Actual homography : 
0.999838 -0.0150069 907.548 
0.0142165 0.997062 6242.34 
-1.45304e-07 -9.05919e-07 0.997089 

Image 2 - Camera - Projection : 
998.64 -14.9889 9.93376 998.134 
14.1995 995.867 75.1729 27.449 
-0.00014513 -0.000904833 0.0120121 -0.000302677 

Triangulation 3D - Points vectors : 
Point 0 : (-0.622252 , 1.12741 , -34.0301 , 1)
Point 1 : (-0.757497 , 1.36719 , -41.4612 , 1)
Point 2 : (-0.753614 , 1.40112 , -41.2053 , 1)
Point 3 : (-0.673241 , 1.25209 , -36.7951 , 1)
Point 4 : (-0.686247 , 1.26528 , -37.5205 , 1)
Point 5 : (-0.710115 , 1.30823 , -38.8314 , 1)
Point 6 : (-0.691808 , 1.33883 , -37.7578 , 1)
Point 7 : (-0.685848 , 1.33732 , -37.4204 , 1)
Point 8 : (-0.694522 , 1.35434 , -37.8955 , 1)
Point 9 : (-0.669595 , 1.30797 , -36.5273 , 1)
Point 10 : (-0.708908 , 1.38689 , -38.6788 , 1)

That's done.
You will find a list of 3d points and a picture of your cameras in the directory out.
